function setup(){
  size(600,600);
  background(0);
}

function draw(){
  stroke(255);
  fill(255,150);
  triangle(275,0,600,300,275,600);
  fill(0);
  triangle(50,300,225,200,495,400);
  triangle(60,290,230,205,490,420);
  triangle(70,280,235,210,485,440);
  triangle(80,270,240,215,480,460);
  triangle(90,260,245,220,475,480);
  triangle(100,250,250,225,470,500);
  triangle(110,240,255,230,465,520);
  triangle(120,230,260,235,460,540);
  triangle(130,220,265,240,455,560);
  triangle(140,210,270,245,450,580);
  triangle(150,200,275,250,445,600);
  }
